-60
-148
89
398
141
10
180
-328
-872
-597
-512
-257
1496
313
-1948
974
3010
7702
11882
-4027
-13225
-10608
-28300
-30040
7222
25790
47644
130671
12176
-238164
-97702
188855
27155
-124927
95788
86330
-111370
-6093
47795
-78299
-13266
77790
-43162
-66104
53941
28738
-90135
55355
193078
-104019
-193773
58746
-37759
-75954
266076
92915
-326318
-45615
289721
50654
-290650
-214835
188486
252633
28067
75290
-20917
-351565
-142197
149141
61754
166667
152382
-145068
-105516
-5221
-118171
64162
193332
-74484
-134150
26866
50348
100710
54191
-211535
-165899
205071
229410
-85133
-151370
-23096
-74562
-61124
190176
213996
-18232
-100533
-92025
-141888
-60673
73169
176594
278080
31084
-413721
-341255
86927
382037
401791
-59503
-504335
-201534
166476
51688
117438
208377
-91786
-152022
47349
-68626
-178732
63488
208114
101771
-12068
-143614
-197185
72379
253523
-7424
-188962
-56145
41412
164729
150957
-266286
-268747
267332
170331
-192861
92269
188784
-252405
-195995
226194
124640
-106586
-44314
5628
51730
70923
-91432
-91724
114599
36282
-110259
36289
103885
-1824
-49305
-103265
-106506
104263
226241
7944
-186069
4810
97225
-212706
-128068
339562
212424
-251081
-254802
-1565
193975
205411
-151203
-249765
190094
242659
-206800
-252598
60481
108978
-9484
41473
159391
15234
-229262
-140422
161800
139800
-119808
-102005
94742
61816
-62688
32674
107788
-93671
-200101
43898
209254
19007
-126933
-43824
2065
-7534
80924
121314
-691
-120028
-193183
-53904
204997
100053
-156577
58979
170151
-182039
-95986
202803
-105508
-269175
131384
211095
20724
25855
-28041
-127786
-66817
41037
130453
17104
-191889
-59336
158384
65388
-2679
8780
-91410
-23504
175967
49788
-274517
-184662
181954
218989
17758
-26183
-57560
-98064
-13476
21788
31909
101170
-40568
-222262
-29338
247123
169356
-179155
-219308
214544
272665
-297593
-388876
118515
314357
89469
-103239
-96808
73723
82108
-172735
-163789
182955
196912
-193876
-188929
176425
142677
-77888
33743
5805
-181138
-28662
160975
25650
-127803
-30373
185609
47120
-215814
13523
229597
-48204
-168353
-18764
16712
74161
86365
-58393
-78610
72584
111991
-74081
-194866
81958
268454
-48061
-217135
-44105
-2552
105218
224708
-112328
-288543
69871
152582
-22001
71736
54717
-193834
-136244
78385
98843
45214
5702
20215
-2694
-113013
-34970
112924
-44986
-118091
102552
79642
-90347
37677
139617
-101979
-189645
43355
104991
56241
203468
-322
-537442
-214193
546431
262071
-336554
-20438
270683
-116154
-185069
74176
-98551
-142151
263081
223196
-133814
-30728
26737
-173274
-40286
139006
-20153
-20384
81709
-18964
-884
61957
-58643
-93493
-14885
-36375
34766
134650
30758
47611
107957
-262363
-435655
119201
480547
141236
-159346
-133360
-106131
-102224
52823
182741
67798
-96402
-78932
6417
-15344
-60768
1197
63013
26295
26201
156888
8055
-369670
-279567
211690
370743
99640
-195002
-154107
60833
-2765
-78619
129893
4957
-210933
167637
280372
-127410
-103128
7453
-273925
-135939
277638
304791
143317
-111399
-321433
-107719
56119
-58020
88021
274055
94416
-112813
-218224
-145304
120838
121274
-37108
59653
604
-226125
45806
283888
-85030
-202392
62996
19807
-22477
132235
-21210
-155777
59218
69051
-117019
-61527
80041
121058
58326
-104625
-111096
15018
6335
-10897
78611
55575
-49547
-131461
-18387
270391
133477
-390829
-274676
304357
262700
-93608
-149110
-66311
41483
107567
-18590
-31793
95506
16271
-133852
-155303
-127888
122573
383034
184001
-147483
-213166
-225697
-77675
205521
85210
-86700
189847
191094
-243805
-160028
129633
-59579
-163977
156956
232823
-75779
-181607
90612
185597
-160190
-252542
116662
171733
-96171
-14651
166783
31413
-91427
-72639
-118139
-33852
169894
93800
-56171
-8503
-104063
-104488
206050
198704
-130496
-188650
-121037
-60736
253623
287817
-192267
-316496
103666
190061
-78290
-44005
101496
-41575
-88664
-42963
-202658
-12665
462311
234662
-374840
-235206
199521
19991
-225405
15265
185172
90730
-35734
-178309
-113544
229248
167244
-203033
-96374
124860
-88057
-177049
89446
279879
167476
-246599
-413477
58256
404944
84331
-203333
-127221
-13446
59355
64274
86705
111754
-141542
-267237
76270
117677
-154494
66558
310023
-15939
-134486
64096
-57565
-262504
-174111
42882
363540
459304
-15436
-414424
-222112
-23230
-117850
60564
433437
275213
-311487
-389381
38318
178637
28922
103026
87808
-220771
-189980
237689
189300
-212716
-207507
36169
147220
232637
131206
-259429
-367685
-19803
228499
116434
32939
88757
-40580
-204677
-62340
71111
27327
-3284
-19982
59142
119574
-48445
-23209
73964
-269665
-301417
314574
405658
-121168
-193252
35097
23126
4325
-19975
-171076
-105812
115398
185540
163739
40247
-180893
-185619
-71704
-116346
-2912
294267
286338
-58172
-253178
-64117
77056
-177505
-156655
288884
221102
-187243
-39376
230945
-34567
-326116
-148704
130691
179661
150070
72124
-154498
-202158
6658
-23323
-30997
263167
230433
-173271
-285607
-180805
2638
328918
254053
-188544
-129901
121954
-115057
-141041
214143
81137
-245791
-124778
35363
201107
385841
24939
-427477
-238181
-4310
15299
210876
236075
-64215
-93225
43606
-128941
-124653
204916
151286
-240122
-220448
149732
242197
7439
-188831
-14114
270437
-20634
-393335
-59949
234287
26349
71807
146577
-200498
-199935
129858
16925
-86487
99151
30098
-36831
88994
-73534
-194642
118884
228671
-128140
-235253
125911
244307
-119659
-140925
225222
27296
-293065
35826
122105
-164749
172636
363751
-174838
-315856
47851
4496
-171428
53499
350655
219083
-236083
-258106
118593
14522
-285731
-23695
268772
161510
62759
31145
-151929
-306367
-196971
182095
421936
169955
-281030
-227357
199425
179207
-267298
-296713
156595
341917
134723
-97478
-207304
-114146
112504
164526
-7306
-128412
-50332
18137
23912
94873
95344
-70260
-31843
83889
-139055
-213026
96962
115511
-7482
185396
134111
-132964
-49300
-21461
-253191
-186842
98201
273692
369136
140799
-292692
-339118
-113852
19000
83399
163554
145622
-30939
-113343
91166
110385
-246802
-222009
138922
90208
-18208
132257
-6382
-230271
54973
296036
-14965
-264353
-131367
36962
144824
137033
-55723
-110347
-34221
1856
111933
103917
-92117
-19279
62925
-233872
-187423
296202
293127
-39835
-146034
-154841
-39394
148483
57276
-59159
28285
-51957
-117343
73799
108188
13839
43057
-40205
-58534
59485
-99561
-240686
62385
263002
138041
25340
-95724
-161623
-111092
-62409
96959
181910
-18666
-26366
91935
-78923
-60844
125211
-124683
-222880
137699
194961
-49289
-25742
128915
61758
-229783
-250237
164440
223820
-71415
62261
166514
-278364
-335570
186402
378771
127709
-149884
-299331
-168827
152068
250316
41590
-106091
-49546
-31379
-21193
136288
102191
-145724
-143769
-15289
14264
148239
177024
-40393
-87673
-18974
-95790
-141200
-65990
129022
370790
218314
-240805
-336636
-68385
61096
25663
83147
188728
93940
-91044
-150482
-150052
-22662
189087
98053
-132413
-33530
37452
-100359
63499
313961
40588
-293187
-207740
-40772
54453
186971
76757
-124899
106001
295545
-150098
-422205
-157860
80097
332061
316721
-262330
-305550
298300
97748
-372565
35445
351248
-46134
-220507
33192
120165
-85971
-102012
125501
129346
-11003
59502
18071
-226786
-250901
31537
285987
263048
-17303
-167505
-57397
-72168
-147011
26722
212560
149477
-24611
-169501
-197109
45826
252006
42963
-83710
55544
-75904
-245823
36634
248435
75031
-26243
-8657
-84520
-82262
3027
42133
104111
57860
-125138
-77398
104338
82624
-29704
-54988
-67239
35086
159637
-50532
-198047
79793
197503
-85151
-181507
-4951
82066
94409
67054
-37409
-115244
-150189
-3632
257007
190285
-174249
-243737
-34530
92364
95821
46090
829
-53234
-87818
40851
132949
-48679
-53507
92815
-100717
-209015
84424
218086
160233
52621
-259569
-349749
106927
301580
-11968
-113838
49945
80345
54805
-11728
-218226
-195599
183197
207418
-138757
-4481
270584
-10879
-280130
-100260
75492
110474
-40879
-165128
163309
326781
-119560
-156115
149454
-155371
-325623
125050
178561
-14918
196227
201492
-219532
-275732
-34409
-12174
63908
213415
88255
-24580
-43159
-341425
-262307
435961
464463
-179232
-259858
-111235
-151831
157818
302523
-109756
-165622
67059
-32856
-71818
100183
125377
8984
-119756
-191086
-61362
149439
162043
11858
-62821
10461
-16139
-137624
-75235
79725
76460
37131
59082
2880
-74333
-11896
-14786
-156429
-59381
186985
127174
72042
101124
-234186
-371824
118482
272349
-39541
-7390
50728
-56801
103736
59229
-308902
-135108
254473
119265
-66756
-7344
410
-24518
-379
48806
22901
-171731
-90747
285247
142816
-256833
-91544
135134
44395
35086
-49628
-217098
38906
281621
-10089
-227937
28257
150894
-59082
-96561
41992
-12280
-22682
163758
21442
-201579
3184
120466
-80991
-32284
117859
-37951
-181270
12813
280378
217289
-129839
-337349
-177503
134166
202936
-34084
-59442
215425
132934
-218228
-204697
-53157
48784
222848
58237
-217392
14624
166300
-9678
59363
-60179
-307463
78824
264554
-194163
-34375
350498
10952
-164012
-31650
-225137
-82117
321333
183811
1662
-30691
-288273
-91139
362672
-35824
-405627
107315
402499
43191
-222893
-119408
150120
69540
-340521
-118947
439286
206634
-210419
-114997
-47426
-43969
93562
-382
-65573
97720
72998
-87059
-35830
53828
-4108
-15490
22678
-142860
-159151
238885
308815
-89500
-151679
-83920
-143973
82162
44499
-229914
230831
513403
-204657
-376210
105238
-59963
-255097
149857
265009
-12676
-84558
28123
67293
-69279
-195112
-2143
180979
14132
-103513
40446
67656
-53622
17074
148084
-100931
-331073
72823
370605
24291
-263083
-184821
29187
369572
263192
-389374
-414286
229736
317449
-60830
-115191
1930
-20211
10452
100555
-64379
-265737
114396
446753
-52509
-422609
-23819
204673
33687
10490
-121996
-182730
280394
399978
-216628
-444043
-24502
229132
201039
27081
-279987
-175683
260003
205855
-148482
-85839
104661
-2395
-165546
-54091
144821
78552
-129019
3049
245159
32647
-282834
-115805
131184
24098
-12349
192757
83643
-274337
-163016
175330
70866
-98090
38169
71097
10214
22255
-90074
-106713
128463
77141
-132740
8891
68635
-91746
-15901
119933
74244
-7938
-156740
-159995
130723
172602
-61241
-87301
-4674
1058
87996
117902
-17174
-134956
-131199
59117
135102
-128662
-113056
284470
172619
-241093
-85108
113748
-63536
-20782
139420
-81788
-214668
129660
288496
568
-139714
-15345
-122339
-207727
214490
393566
-125235
-322618
63755
99670
-54144
128659
89945
-256634
-147330
187182
124441
-6339
22187
-5945
-55975
-177838
-203011
221217
515059
48754
-444189
-336840
68449
386746
260266
-250996
-321082
150970
253336
-173162
-250655
165104
288335
9970
-142930
-193403
-158449
266411
379608
-266870
-429664
204228
299225
-79790
-106311
-26270
2871
87062
-74295
-104250
194291
100637
-199868
-18753
21922
-168763
175440
349258
-205397
-316946
166987
131106
-144669
-8998
56321
-83617
43891
163935
-100669
-177895
200530
226276
-236712
-261598
72452
5135
-35495
240611
169062
-115971
-120413
-41104
-38063
-19728
-49861
-20384
131234
154429
35741
-84702
-143200
-70915
92563
65410
-86910
-24893
120449
2501
-77503
147425
68521
-364405
-204276
350638
339185
-27070
-226400
-235672
49923
211182
-102230
-104907
214813
25302
-84965
200170
-58875
-408915
61328
386329
7243
-241661
-52140
165442
143205
-108028
-199602
21661
186132
127334
-62615
-242804
-88769
207386
34047
-155892
149125
252511
-138746
-255083
-32874
28622
40868
149615
53504
-102444
-30243
43502
-123272
-133345
209255
304278
-202124
-456624
65011
445161
99629
-242675
-175881
-28611
146289
224169
-59937
-282101
-29698
205360
6343
-154953
71026
111611
-136593
-39049
206426
-56102
-260920
128007
261256
-166518
-210787
130462
78211
-75816
123468
124257
-173344
-156375
1430
7157
65215
89413
-18873
49536
148436
-110690
-323230
5221
242000
-70980
-51089
302550
-18052
-351469
122200
172696
-361823
-98364
401038
152478
-121109
-111931
-179539
-74952
215314
150056
-163174
-136183
196810
173613
-192525
-202551
442
-14418
97129
240601
12076
-125817
-12807
-93156
-205607
-4243
314866
243129
-225270
-264278
183209
109823
-238852
-36403
176104
-2048
46098
135442
-176697
-317650
55817
324285
99672
-143246
-62350
34931
-50011
-117963
-78125
92015
266944
107544
-226251
-207777
39993
42043
-58029
132274
203375
-120644
-200656
93608
24499
-209354
-7307
171069
67040
12917
49600
64963
-69863
-389550
-205812
343139
273011
-56419
50748
82960
-214870
-289357
58154
335428
20943
-291752
13807
140436
-37722
199079
119083
-450833
-210853
377155
153448
-123560
34866
14721
-181259
-120923
40791
96867
142181
143615
-32880
-143228
544
-49858
-226467
-64146
130615
182906
261691
21338
-319473
-158301
43263
2721
141117
123241
-189880
-134638
98893
8640
9354
148628
107093
-85389
-244689
-125664
154507
133684
-29555
8117
-88492
-195159
136282
360520
91059
-207399
-283805
-119452
152423
160587
23201
61798
59639
-115573
-180093
29050
145465
-5750
-41661
92845
-15359
-146726
53259
112225
-95149
-104485
8205
155455
186975
-120915
-229202
47081
15994
-38365
146797
-24171
-166982
76510
-9262
-73991
285569
98727
-321752
-66129
144818
-96266
-80654
108473
104506
28879
1290
16607
-12900
-151325
-141878
16094
123075
177323
82273
-130438
-97638
-18210
-40410
78236
25717
-132487
131121
177942
-357417
-204909
427769
178753
-222506
-5087
-67995
-302002
74726
402483
85203
-193172
-53005
92614
-125326
-269152
146141
445034
-16721
-372272
-94352
94465
79632
127606
368
-73021
143730
-9795
-392374
-72037
379817
89483
-152344
66760
95083
-101635
-139614
-126267
42750
240400
97232
-81409
1011
-25690
-219205
-120621
252405
287432
-113327
-222718
-1460
25490
9520
94286
-17596
-73677
37758
-6556
-111504
-625
139792
102428
-14765
-12011
-83705
-303347
-91865
405340
297741
-125855
-193335
-116619
28970
129686
-82818
-74735
272079
70659
-303630
-69736
129226
22530
163999
145503
-310372
-282053
245638
249646
-158636
-157943
113092
119463
5040
-34679
-100102
-123738
5321
173949
152296
-88528
-210792
-15536
104176
34081
83623
81337
-164483
-234301
22794
210916
141435
-25116
-117988
-81588
-38467
-29189
66979
152799
54401
-111103
-80426
53848
27020
-74525
-4798
65211
-39534
-51640
90847
110095
14593
-36959
-154030
-235391
86061
442961
113339
-376993
-145768
186107
17424
-57820
52141
1448
68814
75082
-224603
-165082
209912
100827
-121419
43447
37583
-120281
69901
187454
-84662
-213624
-36599
28588
30603
210758
213546
-155650
-380109
-127102
194366
206628
40702
56979
94237
-138723
-321568
-125927
133250
222134
195505
13110
-80564
-23700
-181626
-253752
68974
282073
177109
-63810
-247945
-60068
173595
-27539
-17115
244063
-41850
-375011
-77427
147459
109731
172987
-27585
-288074
30603
296140
-115447
-342066
64195
281418
26571
-171253
-60939
231955
128123
-359249
-270720
310067
195263
-109559
156692
43563
-439572
-232942
230082
274675
185449
-5078
-233444
-178990
-56229
9297
171302
163284
15740
21008
-97687
-295013
-43953
230684
29904
-88780
147619
113816
-178952
-119380
97828
56931
-40071
-45381
-71278
-26428
204698
224328
-197369
-315814
162372
264203
-195271
-177119
234765
88335
-281934
-108174
273839
210118
-67442
-85376
-91604
-235171
-4777
287992
26547
-88327
238303
64963
-370666
-167837
107606
24043
133295
200009
-122421
-251068
43641
228321
16297
-174297
-55391
57523
-57633
-48825
181714
279565
-71119
-468271
-196744
333738
233362
-75223
24355
25997
-162669
-171573
-55269
145298
196731
-41373
-27056
86897
-115539
-69565
109637
-189253
-163157
316232
136019
-225533
24891
93473
-86318
96847
49450
-221682
-70064
81651
-70582
1058
163754
189111
141025
-166395
-395522
-122858
149535
101387
126915
144280
-119296
-219809
153441
231482
-245806
-321670
126751
186515
71036
119020
-78177
-216921
62893
72213
-147331
-2967
102979
1638
73612
83612
-98423
-63171
-11482
-129283
-13083
195493
94198
-22086
28250
-58986
-69786
97516
-79281
-252884
159376
287082
-166958
-72966
267273
-96524
-249991
158194
86310
-194012
972
109137
-1697
19780
-22568
-49264
79775
35801
-94543
-19534
-10785
-36815
71448
61688
-81190
29323
122174
-119203
-100316
247389
47789
-331353
-36866
223851
-67216
-63468
214128
62710
-132317
6366
14233
-153814
-111287
120777
214663
14807
-199720
-116963
221448
297117
-144222
-456846
-142291
276179
298520
88607
-129202
-184298
-22079
40
-41890
155205
108402
-158140
7302
144175
-169757
-180083
183178
188733
-64751
-121067
1535
9540
-88667
90101
330717
-74218
-485285
-77431
329279
195892
27039
-157798
-292053
57946
347265
24446
-194556
-33107
-14367
8185
85715
-60747
-133483
119062
178635
-10408
-63400
-61817
-132980
-33914
129789
50924
-66091
48624
110894
-72787
-195430
-37599
172434
145965
-63882
-229089
-104359
276620
343113
-224669
-464241
30081
276833
105599
106609
-18983
-286745
-81602
233451
48869
-198091
-71959
162035
191232
10190
-162837
-120526
4830
48020
69482
68516
-67523
-88836
75921
-4353
-116680
58931
96125
17917
45268
-137136
-188443
191174
217924
-174381
-233332
9450
259493
239240
-175669
-257031
128527
61714
-208428
19626
237504
37643
-141171
-58356
98926
130222
-85051
-239986
-4811
213539
44655
-94476
-25346
15007
21292
46822
24327
-12825
-48105
-105701
-104979
48649
238158
153178
-120041
-174688
-32529
76560
95367
-83733
-151327
140194
183141
-120160
-136608
21471
111077
156012
-117203
-315590
78749
320589
28242
-167364
-166774
3867
246113
25499
-248697
42513
227105
-47905
-157234
-36547
56859
52207
-49655
-14141
148712
38857
-116374
-42834
-45612
-70970
85710
134006
33115
-42801
-114735
-93816
128574
152950
-128727
-170229
37816
89939
45106
44499
-28359
-28786
27286
-86552
-88086
110900
53136
-160128
-20597
233937
138746
-165313
-235750
78316
247916
-78678
-295993
50767
305087
46291
-162537
9170
24844
-181845
-37561
243586
87871
-140068
-1805
69618
-99055
-110898
56811
152710
64838
-180986
-146391
179385
149363
-74552
-18488
-102303
-208177
126340
282894
-29556
-92880
-45487
-168050
5115
245434
108140
-67610
-114665
-200589
-61626
193616
150597
348
34573
-5195
-109591
-66063
-55026
-100123
118476
275632
-8077
-199309
68924
160610
-157850
-300505
-27699
281251
255272
-26806
-178665
-104654
-12032
32439
-26647
-28680
160502
174971
-132073
-219448
-87000
-8201
163552
255734
-26895
-238648
-130034
-22813
20794
126444
156902
40546
-59399
-158560
-178894
12113
147101
46858
83928
165030
-65721
-242284
-83044
27019
20229
-14360
64082
262070
63023
-295828
-34348
148339
-255534
-136425
357559
153129
-187657
-31983
24108
-90945
-53106
96585
118591
-74566
-162602
35758
128950
99569
77025
-174360
-362644
55227
427315
40582
-294179
35280
268909
-65295
-231179
-65877
-4944
139264
286025
-11643
-221128
-45564
-35259
-74328
100449
91841
42521
172692
-43115
-439386
-180830
343503
292024
-71559
-157793
-33034
84222
91405
-78576
-188782
-36094
122828
113292
3002
-45483
29846
-47065
-167522
109353
285280
-125739
-286470
83308
104947
-66256
114992
115072
-68885
-4658
-82243
-225704
45482
181998
3802
79221
137030
-112727
-187699
-93159
-14412
236696
214626
-183163
-108532
137638
-122610
-169319
182336
102295
-116850
10776
71858
3078
30572
8874
-123851
-219119
-11616
358214
199448
-232368
-86055
127074
-154391
-233254
66107
232884
228179
10278
-284347
-133324
81524
-54393
38807
223116
-13528
-69970
115512
-136199
-324690
66137
315020
141458
-79953
-150506
-32416
14204
-124926
27708
304213
73750
-245226
-90967
44815
-116534
49543
358327
1567
-387053
1918
277791
-53234
-160079
-17987
-18593
166599
258084
-133379
-352315
-52541
245085
184538
-163126
-242298
206954
291099
-238157
-236736
321329
174050
-400088
-259790
216426
254905
118242
27690
-119705
-154025
-94268
-65885
49917
128933
99816
174024
87331
-312127
-355741
50248
224352
138758
73200
10044
-35287
-103103
-197796
-87992
112692
153937
161783
86789
-134353
-173065
-8461
-30141
-88681
94640
177153
6774
-28929
-24992
-120660
25877
146834
-70056
-85402
3156
-135735
80485
389081
-4494
-396993
-134003
118125
113283
86627
37896
-20004
-88456
-115894
33201
78402
-16960
29574
66301
-73839
-64034
123788
72976
-94400
-93508
-106073
-67080
234966
273543
-159309
-261480
74363
94867
-55541
97455
82548
-198547
-170748
52857
101240
141654
124516
-30949
-71003
-107267
-240848
-72492
172582
200712
166071
-24511
-203746
-18439
48898
-117952
4176
87752
-38101
66267
92678
-136651
-67393
144412
36158
-167881
-159523
87992
338367
99959
-304357
-164737
125104
19785
-37516
26615
-8883
167885
245631
-272855
-449495
133108
278270
-55783
11870
109584
-54865
-57845
-57472
-48301
168498
69045
-209865
44144
170895
-202094
-93721
264973
-20740
-180542
216177
141858
-246808
-162313
-5348
17762
251272
174354
-243654
-164270
248627
150701
-240170
-289003
-42239
110031
212964
359008
148090
-297844
-279315
-95022
-208896
-82274
371697
465811
169099
-160424
-381364
-275576
9247
146496
160771
112284
5120
-75007
-58926
110609
115148
-234761
-269906
177526
202334
-72387
31807
43650
-145555
50582
69870
-264654
-33819
378744
82556
-283740
-78312
104666
-33549
-118347
66956
232975
14732
-234326
-22304
115061
-112087
-69045
192958
41307
-214388
19868
299117
53600
-358070
-248743
245489
313674
-122067
-147192
198559
-25020
-391738
-5398
375176
126275
-109264
-70971
-53340
-42735
-56796
-26802
171778
105752
-171091
-29858
180130
-79621
-150985
122271
29195
-194652
29202
166225
-67395
-16384
245463
111604
-243244
-387916
-152749
230383
383397
290160
-36639
-479294
-342689
261493
208510
-109701
165228
183521
-333553
-294402
183741
362222
145461
-348480
-427418
196115
338452
-120358
-3991
271946
-37741
-239755
-204878
-162763
172665
349605
33442
-65266
51179
-139203
-163376
44673
-46774
-9507
296275
74909
-318195
-84695
140293
-22476
49428
193476
-34547
-272325
-237452
57398
380149
137718
-315146
-114094
195732
48427
-23346
46789
-92006
-212354
-98114
146170
264866
8820
-128839
89253
-6760
-256283
-22784
159056
1410
57788
146097
-99969
-240406
-53618
204122
260949
-11770
-330484
-160180
191502
30425
-163176
219375
407973
-138736
-468679
-142516
152276
151772
115606
73670
13601
-73318
-198986
-182212
50770
248377
192092
-34672
-209662
-123795
163455
166346
-138241
-214377
49869
226761
42714
-209277
-35292
261850
52368
-214048
-47271
8877
-113462
15983
173575
105711
24490
-25919
-119574
-132365
52342
168218
-70122
-149905
130109
101168
-143191
37559
169885
-38955
-21221
-3520
-204208
-70343
173728
40760
-18808
95191
87036
92959
-61083
-348625
-77346
205959
-156109
-89060
544257
243343
-497386
-277195
258777
105154
-234884
-142277
179799
229744
-127272
-235036
151521
300072
-112340
-238399
-32632
-71165
-14549
260193
88861
-148113
-17193
-12212
-21452
128576
-39424
-71738
133243
-102242
-202352
146318
103171
-6869
189158
-54543
-269302
29782
123919
-46824
-26504
-11598
40483
99727
-9340
-106430
-138459
29116
360676
83562
-474377
-204258
270293
146278
71696
86686
-214532
-289450
55467
265016
134835
-74810
-13992
104200
-196761
-347292
86773
269978
49940
92361
133307
-75365
-183658
-251122
-136552
255027
225253
-94085
73020
147820
-219535
-164638
122766
-9879
-84902
63082
53070
44460
-269
-122541
69750
132784
-188295
-57066
184930
-134842
-136473
248783
88409
-61600
89378
-131800
-277673
70049
178065
55255
100978
-14477
-167731
-88028
14901
124974
118222
-193173
-228351
259964
344964
-213378
-299136
140493
88821
-204385
37948
295488
54936
-211770
-207246
-20062
239315
209835
-173031
-211589
53454
51938
-32174
113834
117880
-84705
-111870
-43020
-81597
46004
167247
-42241
-139573
114536
239755
-20738
-322108
-262479
103811
257902
56515
-27976
35605
-68641
-55883
144230
19964
-279701
-105671
235954
44474
-170649
131603
287279
-13833
-231186
-277690
-80510
281090
208360
-74738
3645
44095
-73341
-52010
-173524
-88112
363331
232265
-264330
-80632
142143
-87512
-148324
-27235
41801
152719
58622
-22653
172432
24927
-435484
-215329
326256
230074
-99171
-87469
-32525
2696
109825
1263
-163841
24249
155400
-102114
-104574
149796
-8529
-224199
85365
251956
3312
-29284
-43001
-283342
-109222
242740
117990
3975
99970
-62684
-82605
80209
-207655
-301996
248847
372929
-16323
-24519
17822
-169864
-154060
-44129
-27532
173834
242956
-3663
-100541
-76068
-92932
64082
147499
-157511
-256774
168409
324477
-41340
-137224
68393
-48762
-200811
32476
161892
82237
96056
-83746
-330552
-22508
307579
28346
-116365
192889
74310
-325178
-134657
190829
30533
-74789
95674
113270
-50684
-132776
-70421
96815
76824
-118201
-20296
144365
-37547
-124214
-18808
-50627
154382
333413
-195375
-486380
95421
260750
-52614
127442
195221
-196237
-278036
-118440
69038
360379
179879
-269911
-130163
85414
-103417
80220
291123
-157155
-377266
33125
155789
70373
200966
49640
-218061
-16841
22551
-287188
-50211
362138
111463
-180196
10724
115296
-36662
-142747
-50608
37551
-22494
47651
246433
15148
-270013
-109013
25518
56886
217950
112079
-132308
-129318
-158887
-90709
205890
253535
27243
-149138
-219628
17875
156078
-81619
-46928
220158
25539
-170310
11465
13918
-155422
-67580
161143
243218
41552
-160954
-114531
-86882
-58398
100969
111336
49685
48722
-163007
-119084
280147
78069
-369857
-42836
251313
-41843
-88679
34681
44730
220704
82676
-461924
-299483
397837
312911
-160753
-76624
95619
-56892
-86822
-35343
-94229
146377
397121
-43845
-410173
-72006
104894
-54683
100493
227897
72235
-24081
-101081
-226363
-131497
73784
115402
155083
241773
53525
-341883
-281631
103010
95700
8604
143703
49188
-74581
45245
-24254
-130949
81946
46110
-256667
-97694
297781
284392
39014
-230265
-325862
-29359
188088
-18550
-51259
242546
253305
-37256
-297443
-383876
-51626
367090
241022
-26281
-40218
-107012
-20562
110189
-249261
-226195
520731
375219
-557717
-288411
387289
-7052
-218569
329677
234614
-385032
-322503
179644
244857
-59322
-88140
138091
57496
-186887
-117450
35516
42507
118719
76907
-106312
-37758
35617
-101846
-61439
129201
44450
-123311
-6631
136640
72508
-59307
-163461
-97220
125532
104977
-113240
32336
219880
-54885
-275311
-66093
80742
91995
199754
108072
-203183
-235696
-29261
39266
99953
226358
89756
-196464
-206860
29119
167218
39861
-56803
-16347
-52608
980
130661
-43371
-103495
167363
42943
-234741
-27704
121854
-45747
20841
148034
17084
-107977
-134304
-38115
122542
26294
-73408
59723
44344
-70672
64819
42664
-261101
-145952
311382
239618
-229637
-197786
143340
46314
-181064
101775
319173
-55779
-294411
-85670
-78224
-55843
356195
324470
-268395
-242316
122567
-30403
-42719
151376
-102162
-103453
206623
-35906
-108193
240610
20441
-256059
19200
-5141
-93101
202205
116787
-155017
2152
1807
-125968
94625
143572
-80805
-20542
84453
-92253
-145512
42080
75764
11436
64021
21845
-90135
-17130
109125
51806
-89635
-191339
-150111
115328
326753
179790
-128055
-219421
-42443
78179
-61956
-188619
-30790
261140
365764
33004
-371941
-262234
101377
165774
-25709
-195825
-52366
346034
318138
-161112
-307476
-191530
-119169
115138
293878
162459
-11934
-165975
-190896
29155
72096
-49434
68030
81909
-95918
4027
42896
-161362
50116
323639
-93099
-384225
48091
262612
-6798
-25756
58819
-146633
-170145
116628
146626
691
81438
60777
-183466
-217509
-52386
127893
259623
92777
-246820
-127827
198028
17108
-194151
83407
152600
-168940
-57580
198216
-147382
-290049
232852
349056
15721
-57688
-246225
-395637
167808
462290
-127275
-207692
254782
-13736
-228905
215798
25401
-416108
67450
334330
-92349
50473
207648
-318178
-305002
215020
114919
20949
278826
3065
-455596
-147807
301066
122318
-163306
-73514
104599
156647
35947
-210000
-133076
169300
57286
-138791
32396
56881
-102850
13330
130355
42573
-40184
-202704
-188003
248572
347003
-150711
-314299
13818
122408
-50859
-64869
163325
170346
-134756
-246580
-65207
100006
250506
208621
-263283
-446735
7966
331296
270738
85943
-193178
-252307
-37502
40407
60938
137241
-56372
-181103
150239
277597
-134176
-254316
109643
149438
-199421
-224628
130649
257568
83355
-45843
-129163
-142556
28874
150520
-1028
-97029
-25294
-39760
-36279
88983
88721
44466
68118
-93129
-269150
-55913
140566
89835
116789
62274
-206634
-112880
236120
95476
-243788
-107556
157148
27711
-128045
39497
162257
23777
-35074
-19599
-69135
-107727
-101979
62982
327219
139975
-265127
-163445
41760
-88047
84491
339035
-64567
-409724
-99204
133798
159938
311819
59185
-465967
-273196
220255
132924
70936
190911
-127102
-320102
-1677
153113
63709
28946
-95661
-61084
206919
128963
-192143
-191002
-63238
-4609
138908
242206
82439
-81064
-124780
-183035
-71814
170485
74980
-134969
66528
200828
-15772
-110446
-50092
-92822
-38711
31809
15394
139657
179884
-81343
-162022
-26369
-55125
-60183
50072
-6535
64138
297449
29174
-373975
-135886
190505
-15051
-44621
202624
-18960
-246189
49196
130693
-101656
70743
206949
-54112
-116896
-99671
-221503
-616
234814
131893
160005
79507
-313154
-210413
163755
-42097
-253379
139127
415121
145138
-159317
-277772
-238886
8695
281711
200551
-9996
-58934
-144675
-178212
7541
76631
97321
180408
42464
-85183
-74892
-262998
-199290
312377
303666
-72239
-56196
-29433
-128401
-38107
-51663
-12316
251278
124888
-191482
-139311
-42374
85624
266348
26246
-277316
-51112
86888
-85200
7006
207112
170968
-91618
-295967
-118769
258565
238770
-100653
-246123
-58624
129617
48508
65696
287937
45693
-534270
-380981
249926
377447
111945
-32020
-28661
-74417
-154627
7455
156429
-73941
-194997
73963
245208
179747
-49163
-350367
-137769
313940
106452
-205993
8285
44956
-44677
124407
97832
-125414
-39445
8964
-121200
51175
227458
-87504
-272990
114979
267974
14370
-28461
-44727
-245258
-109371
108263
69630
186878
263129
-105271
-290598
-85831
2431
-42865
68360
150430
137803
92507
-127857
-303784
-24224
212315
-42653
-85213
226402
159668
-128580
-165873
-152879
-89742
126490
275397
212517
543
-279622
-377617
-65119
296018
206590
26445
67802
-85497
-223506
46502
-23291
-316757
175066
573499
-18192
-317799
3410
-112468
-293010
114897
321463
94803
-5439
-61776
-178414
-77810
88465
76525
9165
-65532
-82706
82859
195958
-50792
-221202
38996
163245
-43919
-71167
-18992
-110131
75278
351525
-40184
-374340
45503
221906
-197503
-155969
316247
190248
-200219
-114310
59334
-71654
-71708
190304
197317
-179485
-308388
76814
314875
106592
-157489
-248044
-72863
181123
138475
-24563
-15361
-75259
-49690
198365
53943
-250397
-85827
31625
-96646
164505
385838
-42816
-377905
-125442
163342
114523
-105665
-196256
22310
242762
175948
32571
-75319
-233641
-216700
-57847
22251
196158
322394
41733
-239675
-175196
-40855
94989
169006
-57951
-198973
-42487
25660
167961
293555
-195900
-444611
229328
408478
-208931
-309117
-49690
68592
348418
217818
-362022
-218747
261086
-10855
-218412
175139
202230
-222244
-215711
129667
213471
29274
-122524
-122183
-1712
50573
9211
91134
90656
-206463
-187311
301465
237427
-425274
-356028
398678
389834
-165210
-154165
-2556
-179528
22493
338541
-38392
-393940
20138
372521
90914
-220672
-114857
101523
46539
-97758
-82302
-30058
55441
179421
108514
-29580
-12629
-162017
-345129
29836
451465
134532
-251614
-25678
111743
-117746
-108147
125343
117422
-30828
-90914
-71616
-63384
39073
226027
103387
-204521
-59325
118232
-160306
-136126
231034
109198
-104912
67521
19532
-243892
-104589
191801
163664
37918
-57728
-199869
-111138
199462
140400
-155689
-104761
20007
36219
216927
102347
-306350
-121795
152496
-100376
-17155
279891
-53132
-184853
136019
4421
-143238
137882
92722
-133618
-92445
-89469
30773
292440
65989
-261036
2659
199419
-80657
-148750
3730
-73299
44817
300341
-45522
-288191
182255
168683
-346985
-110870
258584
-22629
-121045
138974
110592
-61882
-59216
-61185
-105198
-8887
163733
64395
-196276
21337
335718
3291
-305180
-112742
-27048
-61445
183700
239865
-28172
-67443
35861
-155157
-232206
127459
266436
-96143
-183254
132042
114042
-138238
3597
100735
-82399
-24726
130756
-60520
-199613
-2076
197108
145645
-108118
-185149
93574
169995
-108669
-101914
132489
17936
-189503
3953
191833
13660
-140587
-13704
73224
103231
104895
-84895
-250720
-138018
40976
160489
191328
113838
-28862
-171619
-191804
65681
193809
-135985
-291036
138637
400347
97759
-129855
-112666
-206457
-187822
118148
238001
138151
108622
-95140
-359756
-142779
235287
257716
36246
-141060
-174092
10235
123577
-16324
-117684
43289
133767
37227
12055
-65450
-265477
-133219
243330
239817
-1142
-39915
-81742
-148690
-18172
5276
-53771
160567
265028
-18417
-182107
-164460
-146617
28101
161259
128983
179855
43361
-211293
-117266
-142026
-257664
265280
549731
-63930
-307073
12054
-67701
-119816
168800
74642
-182344
11913
200997
2586
-125013
36492
62911
-120720
-66572
125812
-9395
-94069
152051
117676
-106968
-42494
-124767
-228380
177611
342285
26482
18493
-78654
-395427
-75562
296208
46736
6585
91135
-95164
16526
61198
-285838
-79876
344332
-10898
-206078
193902
69405
-278779
27771
202782
-118533
-69369
155718
-83777
-130078
157015
63923
-116435
12706
-5207
-114252
17561
127746
65353
-46378
-95966
-39485
18642
61267
154282
-25900
-249101
-61390
66914
87784
303013
85423
-388254
-247826
90779
140923
243874
154700
-215495
-337891
-130285
249783
474073
23362
-466292
-134296
239790
50772
-152730
-12651
200384
168289
-113084
-233437
-58880
98995
84962
17335
24072
94362
-68138
-219552
26537
213348
-6461
-138074
7256
167971
54272
-222826
-128887
174792
106352
-47666
29549
-129310
-182515
267248
303114
-226511
-217027
103637
-306
-46899
112329
-42426
-86593
233368
191639
-204446
-259690
-66582
120485
200525
36816
-50014
46280
-145571
-205458
251839
278852
-166578
-178880
-54753
-100727
111904
254087
81893
-65665
-196835
-153764
68998
13491
44768
340655
43939
-538826
-250466
394938
348080
-55178
-155210
-173463
-197943
76567
310551
-2542
-218441
146898
213475
-159492
-143312
7580
-162190
-28598
289736
115920
-56738
41034
-149748
-205418
177012
113736
-207511
98983
292418
-147382
-240885
66935
35559
18468
186361
-3599
-155430
37652
1721
-163287
-10239
113527
135060
53839
-193816
-9373
315267
-172285
-456339
176854
305006
-50605
91464
31700
-311572
-112800
75352
-8608
187444
212777
-170965
-176313
55736
-45317
-126310
82923
166798
28967
-50367
-50959
-42616
-3440
13530
17370
22658
-98948
-90904
128386
115143
-103079
-8840
188731
64384
-176061
-218855
-80387
122275
211187
107106
-92053
-137981
40187
127028
-65047
-178209
-29652
12666
-15978
198678
243760
-139129
-197743
39208
-66915
-101620
143898
33926
-95672
122980
-14125
-257554
151717
379849
-177291
-430441
58166
282790
21773
-94672
-67264
8714
230987
100723
-364627
-219598
233509
128268
-17999
16880
-156397
18854
334982
-107214
-441033
29877
252675
67681
29755
-83525
-107442
131402
58623
-162304
-65423
-5295
5735
179338
120705
-139675
-66769
44978
-106419
-12363
189756
-50410
-248786
76957
316043
133666
-60520
-283433
-405356
28433
449946
168082
-39061
128951
-181387
-446646
104552
378918
-103746
-218744
56380
149209
129729
-22306
-87157
3222
-124652
-158826
152283
128752
-53618
144844
159552
-166914
-247271
-71522
78404
168957
152659
-7262
-138336
-37801
41123
-113217
-63553
169454
84169
-50528
77965
65757
-129236
-166960
-55612
121196
143281
1827
-11115
-24615
-132291
8817
127519
-31107
18517
29863
-153129
24062
125943
-163162
21471
298174
-151661
-266488
191735
98812
-171011
29098
82396
-76966
-16718
3898
5490
161239
108019
-149144
-256858
-133344
133582
271986
39815
-66953
133331
-7322
-329083
-178769
86936
114279
279915
277877
-246672
-424442
63493
202629
-66790
-30066
39291
6100
187059
55665
-302818
-65943
166608
-119259
-21789
217091
-98220
-71148
274678
-99796
-389036
116377
200053
-180750
5958
227944
-37919
-54325
82170
-108432
-203991
-11214
129545
122683
34818
-10570
20143
-106383
-162017
129434
147518
-193659
-119079
142684
120890
125582
26654
-270233
-132467
203556
7158
-193090
35647
96965
907
160821
189320
-164259
-316079
-118076
-33826
33602
339421
343764
-128156
-336479
-114967
41529
61278
41551
-66893
-70430
131575
121560
-58530
-4715
23043
-124613
-43485
89171
-98860
-144677
80841
181347
235144
181644
-227062
-445029
-143481
156807
222601
86472
-86732
-6928
133103
66842
-111816
-210369
-106002
76544
20866
47530
322153
158184
-275788
-241958
-114538
-83214
250801
352810
-71607
-209594
-47587
-68825
11919
135878
-18718
-53640
80807
-51963
-65001
200884
71705
-340464
-134789
319217
153152
-167251
-105524
79
113544
209504
-184048
-454974
89747
444931
48179
-57399
129942
-196848
-441692
61955
397052
39882
-159595
98225
145804
-93394
-222449
-196549
50001
370835
194257
-240853
-149413
47439
-85772
-35830
127259
-42673
-28451
295349
162916
-298501
-360532
-56455
244261
255608
-37302
-131226
80736
118932
-57037
-157308
-152201
-43683
124241
179748
132146
40530
-147895
-207409
11788
81332
-67752
33515
203923
33003
-120382
-80388
-49855
24543
57541
-26062
50468
88388
-150893
-152947
242211
342369
-150003
-488502
-144783
315652
285117
63615
-79390
-201150
-94494
145866
59401
-108279
17294
117097
21291
15263
-45709
-192130
-14040
238288
103166
-31006
17337
-165367
-281039
66990
363034
133157
-136691
-54321
21456
-138043
-98811
177231
85988
-190558
-28451
196650
90836
70755
15180
-325928
-290574
160605
216296
102495
214445
-27347
-297164
57456
113440
-356414
-177903
327842
181899
10398
84739
-62513
-83801
-51983
-247648
-61570
328275
144497
-110945
-31957
-18589
5017
35767
-109764
-75138
142248
18778
-89405
143438
159854
-159267
-259388
-50717
132405
218713
202050
-56483
-303240
-123986
203444
73361
-199088
20591
242181
-46895
-211025
103564
163042
-63400
-25231
-25533
-183442
19353
191050
-14157
21266
106641
-136132
-39526
113596
-155200
-47542
244901
-91157
-164266
212448
39108
-154190
129644
91090
-228868
-155896
164249
279903
59380
-205187
-153083
-59616
-40117
203917
260094
-69779
-159974
-62717
-105448
61844
100018
-68260
186381
221565
-404644
-321907
310678
94271
-200719
251083
268109
-289717
-329078
32478
111467
94777
123052
-19614
-149919
-12435
94743
-25524
-110335
-120087
18036
295283
215729
-242107
-277016
-5118
28621
156878
273801
-123660
-302350
21730
21288
-11238
253281
-15402
-265023
136894
114276
-237325
-4115
156160
13980
55442
-133991
-209322
265519
212280
-233302
-47687
122218
-153429
-89870
155931
50387
-27058
133655
54445
-233627
-168528
104231
134618
53065
50047
-44344
-144459
-72816
40762
72669
8961
-18721
137839
120635
-154649
-221447
-74394
59325
154376
101156
14766
64594
-60511
-307329
-147459
250620
246173
-19489
-119522
-17703
151440
1186
-428683
-257372
472054
490892
-176374
-294674
80163
18971
-244608
-80603
144455
80099
105249
242917
-22511
-383329
-195532
159408
208784
81340
-132427
-158442
82350
95986
-376
134809
-9222
-351791
-69454
362979
170304
-189887
-217963
-10774
195772
86517
-107960
-40093
18648
-36001
55826
134588
-41152
-195833
-74094
84493
45839
56738
150271
-43637
-266587
5614
261218
34221
-165282
-128403
-43824
137282
240498
7938
-208971
-74241
74872
10178
28614
91321
-82348
-155593
70655
102619
-23687
40711
22041
-34633
74381
-53675
-213569
10119
113432
21054
134590
59906
-184914
-23208
94897
-162857
-71556
240113
110960
-115100
-83056
-131902
-49914
251716
105810
-180035
33559
83535
-207926
-92148
120664
18350
55543
134142
-64672
-146851
31738
18065
-146417
-20262
255498
133944
-180217
-111165
61742
41796
-65882
-168653
-12230
280147
162527
-116638
-77714
9166
-62829
-144214
-135111
125144
307801
75264
-106621
-112047
-154891
39433
145905
-157635
-135033
258938
157697
-206521
-72725
164622
-74369
-241756
110376
270181
-41193
-158318
-48206
-11208
85026
53419
-80022
53070
13129
-145786
129999
164573
-285671
-93315
406240
38847
-396092
-55024
216820
17338
-15753
91989
14339
-18173
-17723
-156148
-91263
161786
111026
-40466
54065
71205
-107050
-193849
-72816
206192
316010
-77244
-335151
44929
231426
-84585
-171916
25598
106850
122811
-13048
-109083
50170
-34069
-233984
141223
363556
-79637
-248547
-29922
32184
113464
108390
-127699
-100743
95331
105142
-2417
-166975
-161156
209091
321650
-79381
-309406
-125902
27119
150714
293977
83351
-306217
-198425
111973
21409
-25801
131351
-33861
-196243
137797
264410
-125788
-245922
109248
107891
-180148
6004
179108
-160572
-118467
276572
62329
-173812
87694
2329
-234896
52902
162544
-102089
3451
192332
-106879
-263903
167547
350322
-76101
-312628
-173015
-17049
279675
417990
-93614
-465523
-123080
227220
192482
-7031
-157041
-19795
121725
-117540
-153916
199689
211239
-36454
-80933
-141388
-134289
146054
89366
-203053
82305
365476
-105181
-367386
156797
290190
-215697
-269570
91877
185510
147424
80456
-220735
-304393
95373
372834
52148
-369483
-102640
391043
131227
-357495
-187679
105164
181937
275513
15234
-378582
-166358
207005
139108
-28460
-58066
-5839
499
-153243
-24003
292004
94129
-165249
40439
44188
-135228
4144
-52255
-223299
181843
428232
-54861
-236216
81944
-11303
-297246
-127105
161333
225721
172147
68374
-62707
-214694
-334713
-66376
361500
254385
-72750
-67197
-92257
-140188
69818
84306
-86786
1744
16525
-3019
236269
26646
-421118
-44432
390562
-19928
-277003
28524
92735
-42787
92775
159339
-66704
-172971
-27296
25120
-42325
16650
144673
108958
-84366
-165476
-24959
63583
77961
162657
-9790
-289841
-94035
169804
28988
53069
200218
-146050
-348407
187372
416892
-156501
-468687
-58228
328825
292508
47164
-226462
-285114
-48445
179581
165854
70592
13141
-47263
-136230
-132255
-16562
149125
223650
60901
-193098
-209061
-5656
159934
177869
46556
-95632
-131719
-79665
44926
63605
-61163
41889
125709
-50896
36926
147591
-217313
-250519
135822
48821
-82220
192224
136970
-100088
-48721
-125539
-156677
192232
224262
-157285
-162448
81229
66022
39129
38725
-133810
-97919
146377
49934
-127043
11120
39962
-35317
137303
68902
-267983
-56009
306145
3440
-292261
745
160431
-32383
60054
160487
-115970
-172634
59700
-12512
-129623
69718
191826
77651
-50652
-142105
-34740
148729
-24446
-267259
-20469
310570
181847
-94581
-133791
-89046
-116068
7529
237916
205294
-135438
-250527
-45684
94297
188054
193628
-224370
-464097
12383
396260
275827
96197
-206624
-432158
-182950
116888
281682
376839
4917
-394880
-142966
92135
-10279
38145
89137
-33225
53372
151348
-104608
-307478
-15808
322763
152386
-158704
-91167
-11160
-78597
70532
93919
-107418
64486
132480
-285490
-91233
479280
34299
-482154
85803
288019
-282864
-154915
342983
114997
-146604
21206
11728
-121008
-42046
-27823
-12302
170855
111100
-89460
-34678
-3919
-62231
21913
-30257
-112157
180989
265440
-158329
-299008
-6052
150032
22959
-97229
126100
294773
-72162
-392651
-206299
91771
254540
209728
-29283
-72394
-16555
-238110
-189867
313938
298909
-198862
-155647
102018
-128672
-129408
315849
206789
-244045
-205479
-88491
18809
261684
162341
-12853
-75819
-374150
-222276
434953
287855
-244518
-68960
105750
-522
39870
-128817
-270086
114142
287179
15287
9536
107708
-160287
-251974
62348
136826
-61939
-24143
85293
132555
119292
-165895
-366964
11368
397564
206301
-192810
-370454
-98674
333833
237251
-157429
-140500
49370
15006
-18897
115800
46872
-295117
-310204
180484
469952
261731
-121740
-324372
-158817
18489
-69213
17379
193810
90399
84233
26785
-295943
-130518
216245
-44969
-36283
312146
-15743
-361280
-105018
73024
183759
215512
-148702
-81889
279376
-172267
-484601
123438
271106
-15694
202411
47984
-413177
-3866
366426
-110719
-247962
120869
98296
-59343
-7972
-29861
-29424
99827
121217
3559
-94142
-120444
-25388
68025
-48402
-163767
124379
390472
87525
-277034
-170313
14297
-73719
-84609
148548
282275
27004
-261174
-116643
199254
85813
-174353
-66550
143250
43389
-147795
-96884
132910
199932
-27593
-196414
-42689
124728
61557
-36507
-50515
-55991
-91304
-114276
83794
391478
221447
-260953
-288645
-47472
-121557
-107964
282624
388185
-57970
-255188
92489
113949
-327867
-258180
204466
225189
117668
48022
-256517
-108063
299808
47863
-264945
-43171
-57287
-124464
284023
393884
-56428
-314063
-228299
21510
171642
-19951
-95454
181883
146904
-143109
-57564
17191
-134387
16536
140770
-40985
53694
82709
-218297
-8275
343315
-157623
-423402
258737
387991
-220297
-216064
113461
45134
3001
24422
-128925
24010
288549
-14432
-326910
-51704
133719
-20085
72787
262689
-49270
-419567
-107450
289967
170812
42762
-51659
-307330
-102315
311993
64911
-138777
146607
6209
-213985
73334
48691
-222880
48152
276230
49063
-63619
-128714
-171075
129491
242918
-104111
-123317
107650
-58038
-170756
49255
134497
138305
113184
-223311
-290095
208318
215597
-233224
-163592
105301
95647
170125
178695
-184435
-290204
10336
71408
-44312
39758
63714
-31211
123541
200736
-163043
-308328
50776
151691
-118685
-37314
260757
36479
-305709
21748
343538
-71496
-345641
19934
238448
-23401
-213047
-12496
283259
149765
-311401
-227052
296779
210443
-231051
-157581
70258
48477
86891
75391
-61609
-11564
-14556
-130701
66528
164421
-118586
-74709
130737
-17367
-42947
81908
-51499
-53049
134264
-20486
-172483
34482
82871
-50635
86678
200090
-44061
-255409
-191957
48965
207640
149561
48345
-18715
-201623
-204867
98156
152685
55109
187719
35602
-400624
-259711
272715
234325
-112174
43233
207781
-221991
-368590
142131
232573
-64783
45505
139476
-149455
-169682
17848
-5324
3014
152291
187639
-52852
-271274
-92719
92475
-14902
21823
154472
-9935
-26590
175366
-60277
-354300
-69785
210616
54234
47027
176382
-67784
-275963
20169
182754
-57901
-84345
80603
-7819
-115898
43445
148381
-16336
-50788
69938
-81394
-218593
114974
250153
-77062
-112995
27948
-54958
16954
175019
14719
-134891
-59296
12025
82697
81105
-154471
-172353
254387
346729
-203212
-416573
58605
280649
22403
-74363
-60544
-108782
19890
205482
124602
-144141
-156396
73108
-96825
-309276
302431
628814
-237141
-562474
169451
217842
-261556
-16099
269812
-11182
-117072
31317
-16891
-39543
86093
-7424
-154729
17830
130164
-32594
18967
116138
-177657
-221917
233910
239325
-172306
-128492
40451
-57989
69095
208473
-133841
-301129
59583
231721
76370
18350
-70121
-172910
38611
103671
-252038
-102322
494975
249197
-368177
-168171
58242
-233263
-19292
474765
160003
-303294
-66935
76274
-247436
-108959
430657
278037
-248539
-195319
-80364
-173596
154395
323335
-49845
-20329
176028
-236289
-454725
6062
340792
306382
109555
-192754
-253315
-38526
64520
-15589
-4797
57046
17699
59167
147207
-118484
-317299
94943
307924
-37500
-91650
90908
-93287
-165192
77002
76523
22902
139450
63836
-149100
-85696
114161
-19957
-232524
-17566
316587
171039
-128399
-88406
-14946
-64445
59082
202114
-36401
-277679
-69907
196500
65046
-59182
61491
73509
9958
9919
-125782
-241878
-20864
236858
139699
-69781
-23698
79915
-50926
-149751
22776
43036
-160647
-68605
244201
214564
-48394
-191655
-149854
-4547
120707
92963
-28856
-84749
-18064
49224
-34199
-57101
83692
81641
-40788
-49256
-84911
-39210
192480
63975
-253466
-55584
170608
55151
103722
61019
-258451
-187188
108865
38998
4501
134626
97763
43987
-54122
-270320
-168293
154803
165138
80006
45523
-126625
-184171
-21544
106459
238226
127447
-312742
-293519
168569
188532
-50603
-40787
59308
94300
-14581
-144741
-39130
105959
-22353
-101399
65921
156576
-36009
-106347
100497
32430
-237799
-61934
260398
163379
-92965
-206954
-137378
70924
146536
73583
10546
-40236
25024
12641
-195565
-71188
153525
-119641
-82397
390110
175850
-254384
-112589
-100867
-141309
225656
164736
-183299
45995
148105
-179240
-87555
227567
106298
-159762
-164789
-52667
-6282
40762
149741
155420
35747
-41365
-105726
-185850
-192279
-19413
277053
317477
-99189
-311208
52639
281256
2750
-290696
-199075
55143
135405
172554
156711
-113278
-216369
94918
61995
-296875
-12337
427751
108592
-292191
-163531
9631
99152
153956
-1815
-53522
52248
-14171
-115588
-82838
-47010
126541
200930
10225
-40536
-17337
-162021
-110568
81892
117727
150085
25744
-203565
-24268
99253
-208437
-120539
298155
244505
-53304
-112429
-107266
-115897
-62098
89729
111522
-23425
32619
198130
-12014
-269256
-92571
50864
-77534
11214
309592
189603
-286398
-314520
132617
290821
64096
-136555
-202018
-50738
177991
12441
-133010
205997
268241
-250644
-350570
78397
160655
46421
97849
-41344
-192417
116817
275496
-192477
-365553
103174
288890
59016
-31805
-125680
-165035
97231
120015
-107786
18049
139170
-24997
42389
11405
-285207
-79913
279815
63400
-125081
74330
146687
11198
-129710
-200547
-63056
72100
42721
105240
204713
60094
-113627
-144766
-161312
-116345
90200
269055
139019
-77533
-111796
-143587
-88594
145349
146309
-34597
-6918
-2390
-135875
-80919
94925
66442
-59850
-21
137332
57834
-127699
-147951
-72640
76191
255488
44756
-240674
26406
234834
-134130
-314800
67232
304953
49464
-237685
-42716
269876
17470
-281522
22133
158355
-90306
7508
87405
-129962
46861
172819
-191052
-133558
244365
53396
-193095
-69146
35952
117674
76684
-173338
-77361
276063
84752
-267123
-106465
61270
11074
185875
187985
-273087
-288005
173915
85971
-125540
173581
134035
-244962
-4548
214168
-185605
-216502
204857
137757
-139835
-53484
66979
94173
69455
-150205
-190135
104440
101182
-59166
81916
13562
-197983
92443
227980
-136355
-101459
83649
-137810
-115768
170872
141392
79265
1126
-262592
-140626
196729
59095
-142931
36621
139015
27217
18687
-20160
-167129
-115841
76045
87066
41258
105722
42915
-87419
-127288
-144889
-46569
193903
257318
89109
-120833
-328384
-192206
253791
256771
-87861
-53240
70333
-109903
-42289
149857
-63501
-146278
135217
98053
-134282
-54037
61885
102292
79381
-151016
-202461
60647
170238
93168
-294
-174220
-178705
69046
173836
111899
46600
-137978
-198760
57369
118633
-123431
-39622
233292
137343
-94922
-140854
-153206
-56160
161504
134846
961
16473
-23554
-184987
-133700
116981
200400
55506
-72697
-114403
-76301
28466
97979
-7254
-123354
2953
166337
13602
-122743
32581
-9085
-99135
116031
49431
-192952
137798
248511
-196160
-118257
161919
-78376
-141954
75274
78482
150219
70767
-272694
-93757
234982
-13004
-97085
69363
-51934
16408
177313
-136597
-154413
217684
51924
-169346
179
-56440
-10864
254228
-30753
-249654
170930
166018
-287236
-87480
273353
28872
-237688
-20436
236415
192089
-54096
-268152
-235369
44402
243583
112085
61417
159692
-104550
-397738
-82857
211330
33963
105601
257340
-120013
-295153
9078
-28631
-54685
329722
178080
-276314
-116677
66690
-75191
27266
128844
-12162
56002
63461
-159331
-119608
2324
2215
147864
182980
-53017
-60698
-59935
-209022
38742
284061
-94485
-181250
266469
121938
-318354
-184637
134860
201761
105808
-42008
-87518
-146357
-180990
108945
266945
-32601
-38740
124471
-128871
-184563
123818
17867
-199986
43181
223450
27831
-95709
-46034
-28053
78487
157485
-113223
-314859
4920
286384
80006
-137838
-37657
83660
2635
-124614
-59079
133457
169259
-69538
-241259
-60142
165214
178124
137825
-40140
-352093
-234708
181662
178192
48407
167624
41972
-273960
-152668
92376
-5727
-16254
158398
51480
-98660
78777
59524
-273073
-123679
271771
56108
-183775
50433
67783
-40879
180367
17895
-369736
-51386
245347
-33219
42531
205923
-133309
-133282
59710
-184749
-66827
329530
32133
-169371
258405
133320
-498637
-325261
263833
292809
99362
137125
-27270
-276346
-142106
22740
-126375
-32975
343988
277944
-103752
-167951
-81830
-185289
-82894
257030
207443
-72229
-35947
-23445
-141696
1359
197040
18707
-185174
-11241
202110
16433
-139841
11091
-62056
-190017
182325
335741
-106127
-126984
163214
-137355
-358290
45211
226416
97840
176155
48299
-345392
-163842
223837
-5912
-222211
130781
325447
28598
-238663
-261319
-52501
214871
219546
54674
18500
-112146
-374890
-195383
314027
384341
-2528
-242148
-19186
132487
-208472
-270678
318766
337010
-276781
-174737
242165
-3120
-261118
-49141
168898
241237
64975
-241744
-154090
89350
41479
-48390
-31125
8463
119148
202177
47341
-249706
-371635
-37025
417382
272972
-198186
-166797
48695
-81828
-107135
134474
192985
58250
-60997
-195117
-194578
66734
190914
34535
22
85162
-42433
-153876
13680
74227
-113047
-76560
137964
70563
-67300
54425
149341
-28913
-271560
-186221
206099
202670
-203489
-120461
339793
268298
-153478
-362514
-279149
70237
339060
168276
-60777
-96933
-17278
94437
-68934
-310244
-27214
326062
121635
-39000
36255
-116690
-181234
23964
25798
34379
188777
-15629
-265798
49618
277034
-131624
-306415
206349
347632
-207319
-366582
49405
175754
111751
125484
-139852
-298641
16852
243786
136714
-22517
-198557
-230542
81913
214662
-11748
-54878
84251
17964
-74041
1986
-31452
-183745
-21731
283164
103802
-226728
-58895
268216
94455
-259446
-214912
60218
152719
38793
2423
133514
41811
-232335
-219229
47481
234222
208945
-66614
-258897
-74239
49518
25157
250243
230654
-309755
-425761
12280
261280
263294
73852
-208171
-104398
102309
-105771
-93795
185820
42313
-141613
55504
26927
-124611
146617
307955
-143438
-432291
-23512
275140
2144
-85897
176635
65232
-113484
45653
-36263
-250176
36089
190689
-67062
-12941
186398
25166
-56838
-57865
-171480
-16318
173196
-41915
-35010
254560
14479
-209714
-19885
-178531
-204080
450643
392967
-289238
-144742
92229
-335780
-201108
424862
292291
-122118
-106425
-138726
-148722
153010
265833
-19737
-202418
-91128
2873
34032
53049
37585
56515
150170
49609
-309419
-380766
116281
401405
64368
-108123
80058
-11950
-125554
57803
-22703
-254427
44688
331897
-7426
-221826
31554
165078
46030
-26323
-139027
-186393
87117
212743
-102048
-97302
241674
66014
-176828
45960
-53016
-226804
183131
279523
-156446
-179948
-15449
183
167486
180643
-63201
-132338
-25752
-27986
-66902
29461
125063
-9494
-69271
66439
29123
-65616
12322
-69141
-82853
193775
133742
-253686
-155719
191008
135181
-70220
-89345
13954
149085
-19092
-318338
-46621
365506
94833
-160348
32056
-79113
-222428
132742
255284
-71003
-191050
-2250
145247
52568
-84297
27032
79154
-110608
-94167
2170
-77099
90271
304850
15668
-172417
-52222
-115673
-65680
172562
74028
-57951
66953
-13553
-126909
59543
56203
-43112
87905
49275
-152320
-121915
-9700
63101
204383
164836
-151074
-296237
-57932
186989
86998
-23081
108931
47491
-235073
-147118
91438
65046
115795
159328
-152545
-217370
112848
77033
-160956
-28736
180352
215215
22621
-330959
-239652
128510
126734
115148
172123
-66824
-133461
-10444
-153075
-130342
139781
206677
120785
-103133
-197554
148865
178685
-324761
-256573
294904
323648
-52104
-192973
-123575
-39848
110837
243092
-38887
-320518
-23479
205549
11092
45170
52594
-210488
-25014
252736
-83829
-167025
122087
-86645
-159106
276947
253482
-117664
-182582
-207794
-42746
331326
114056
-264180
-13468
96663
-87580
149878
181868
-282633
-171771
257517
-23161
-285200
129178
264094
-81989
-50832
46481
-141358
8980
149394
-292538
-248547
459724
351925
-238277
-128328
-7814
-305765
-116818
362918
236990
-73180
-16545
-69172
-264307
-132602
106425
141137
223992
119746
-239554
-144609
126691
-119658
-206737
116179
135096
134262
240704
-160076
-347573
26757
-31381
-148040
282264
293859
-126434
-149744
-59132
-26887
92030
-36782
-128859
139484
184627
-17595
-37739
-153191
-218611
164520
302668
-137199
-243150
228775
258906
-177573
-199961
60939
37925
27317
113637
-72218
-199852
144063
257774
-120448
-126179
176385
-44785
-233401
52597
93058
29388
153324
-64622
-163843
187234
-25604
-312699
194091
292551
-235905
-151825
57545
-50106
183542
224118
-291844
-224832
287837
127290
-249044
-101496
83418
13827
42385
176847
72278
-195911
-285387
-80191
224990
269543
-62192
-183497
100497
73826
-249898
-137721
186925
216778
148560
-147200
-484272
-71132
465864
157950
-163908
41325
-17383
-220222
-89353
-30112
132290
445193
115695
-440398
-238029
75719
38796
139714
123228
-149234
-115154
108926
136491
75671
-154325
-312136
-44439
195373
154623
179277
90796
-228688
-320011
-128333
111430
294940
184875
-109344
-185189
-67930
14906
43649
12748
10885
65273
-37532
-130091
53251
94824
-86691
-35529
34356
7829
152655
54160
-276353
-89236
163930
-35575
408
156540
-128306
-184010
212615
262225
-68269
-271760
-225217
67731
214694
28463
-13816
158780
58343
-134709
-197611
-202706
104347
390954
34831
-267640
5655
53623
-121694
16816
106790
67997
99904
-124239
-312703
78201
351326
-89767
-302489
116801
277906
-72448
-163981
66741
-10152
-223999
24201
295829
54303
-113742
62279
-82395
-285228
113377
302301
-171031
-158468
338701
93480
-351358
18798
223575
-287616
-205868
397449
197693
-217765
-11453
56623
-121016
29613
55680
-177201
-23261
152979
8271
54615
154462
-102743
-295772
-85160
179539
153616
-69601
-67508
150858
46897
-222192
-84877
113985
-10542
-77070
62067
236076
154908
-266657
-322318
91789
117021
5768
230583
44236
-322156
-120
200769
-115540
-63766
147952
39072
-56440
-107849
-80287
173318
161735
-130553
-113458
68920
40722
-105976
-158824
85301
320198
101093
-180564
-214266
-149062
75745
244734
84845
6619
22478
-259002
-282123
288464
438246
-94805
-298532
-50571
-1143
-42478
72358
154881
212154
126218
-239078
-428380
-142387
243235
388902
137635
-240233
-235746
41578
120506
1418
-61606
61394
183538
-83923
-391278
-76697
407507
312859
-121669
-286842
-97282
